{
 "cells": [
  {
   "cell_type": "markdown",
   "id": "a4302fe6-e4da-46de-9c4d-6a70bd9aca66",
   "metadata": {},
   "source": [
    "# Projektarbeit Business Analytics"
   ]
  },
  {
   "cell_type": "markdown",
   "id": "7184f771-bba4-4b6b-8a4a-d708869e9659",
   "metadata": {},
   "source": [
    "Gruppe 4, Timo Gerstenhauer 86164 und Kilian Mütz 79561"
   ]
  },
  {
   "cell_type": "markdown",
   "id": "30bf8923-b406-4828-9f92-b5fe240889b8",
   "metadata": {},
   "source": [
    "## Support Vector Machine Classification"
   ]
  },
  {
   "cell_type": "markdown",
   "id": "d1f2f22e-f29c-4078-9ed0-ad9af67294e3",
   "metadata": {},
   "source": [
    "### Kontext"
   ]
  },
  {
   "cell_type": "markdown",
   "id": "1d3a41cd-37e1-40ca-b46d-984363b59ea6",
   "metadata": {},
   "source": [
    "- Datensatz zu Hotelbuchungen \n",
    "- Fokus auf das Untersuchungsobjekt \"H1\", ein Resort-Hotel an der Algravenküste Portugals"
   ]
  },
  {
   "cell_type": "markdown",
   "id": "ea8e4b6b-f45b-4b1d-8b47-b3dc21c0d7a2",
   "metadata": {},
   "source": [
    "### Datensatz "
   ]
  },
  {
   "cell_type": "markdown",
   "id": "fc80de02-8d09-4ef7-bdfb-ad8c309c62e9",
   "metadata": {},
   "source": [
    "- H1.csv\n",
    "- Umfasst den Zeitraum vom 01.07.2015 bis zum 31.08.2017\n",
    "- Es existieren 31 Variablen mit ~40.000 Beobachtungen"
   ]
  },
  {
   "cell_type": "markdown",
   "id": "614d4e9c-d1bf-47b9-b086-06b16279ba0a",
   "metadata": {},
   "source": [
    "#### Explorative"
   ]
  },
  {
   "cell_type": "code",
   "execution_count": 3,
   "id": "412b3d11-23b0-48d6-b00d-d902edec56fa",
   "metadata": {},
   "outputs": [],
   "source": [
    "#Imports\n",
    "import pandas as pd\n",
    "import numpy as np\n",
    "import matplotlib.pyplot as plt\n",
    "import seaborn as sns\n",
    "\n",
    "from sklearn.preprocessing import StandardScaler\n",
    "from sklearn.model_selection import train_test_split\n",
    "from sklearn.svm import SVC\n",
    "from sklearn.metrics import classification_report, confusion_matrix, roc_auc_score, accuracy_score\n",
    "from sklearn.model_selection import GridSearchCV, StratifiedKFold\n",
    "\n",
    "\n"
   ]
  },
  {
   "cell_type": "code",
   "execution_count": 4,
   "id": "f7a30cc0-b8dc-42a4-9ca2-c5b5b6600c57",
   "metadata": {},
   "outputs": [],
   "source": [
    "#load data\n",
    "df = pd.read_csv(\"H1.csv\")"
   ]
  },
  {
   "cell_type": "code",
   "execution_count": 5,
   "id": "aad18e1e-a9e6-4b2b-8bc7-c9f7db4a3572",
   "metadata": {},
   "outputs": [
    {
     "name": "stdout",
     "output_type": "stream",
     "text": [
      "(40060, 31)\n"
     ]
    }
   ],
   "source": [
    "print(df.shape)"
   ]
  },
  {
   "cell_type": "code",
   "execution_count": 6,
   "id": "b0fbda9a-0222-4c20-965c-71a3033fc2bf",
   "metadata": {},
   "outputs": [
    {
     "name": "stdout",
     "output_type": "stream",
     "text": [
      "   IsCanceled  LeadTime  ArrivalDateYear ArrivalDateMonth  \\\n",
      "0           0       342             2015             July   \n",
      "1           0       737             2015             July   \n",
      "2           0         7             2015             July   \n",
      "3           0        13             2015             July   \n",
      "4           0        14             2015             July   \n",
      "\n",
      "   ArrivalDateWeekNumber  ArrivalDateDayOfMonth  StaysInWeekendNights  \\\n",
      "0                     27                      1                     0   \n",
      "1                     27                      1                     0   \n",
      "2                     27                      1                     0   \n",
      "3                     27                      1                     0   \n",
      "4                     27                      1                     0   \n",
      "\n",
      "   StaysInWeekNights  Adults  Children  ...      DepositType        Agent  \\\n",
      "0                  0       2         0  ...  No Deposit              NULL   \n",
      "1                  0       2         0  ...  No Deposit              NULL   \n",
      "2                  1       1         0  ...  No Deposit              NULL   \n",
      "3                  1       1         0  ...  No Deposit               304   \n",
      "4                  2       2         0  ...  No Deposit               240   \n",
      "\n",
      "       Company DaysInWaitingList CustomerType   ADR  RequiredCarParkingSpaces  \\\n",
      "0         NULL                 0    Transient   0.0                         0   \n",
      "1         NULL                 0    Transient   0.0                         0   \n",
      "2         NULL                 0    Transient  75.0                         0   \n",
      "3         NULL                 0    Transient  75.0                         0   \n",
      "4         NULL                 0    Transient  98.0                         0   \n",
      "\n",
      "   TotalOfSpecialRequests ReservationStatus ReservationStatusDate  \n",
      "0                       0         Check-Out            2015-07-01  \n",
      "1                       0         Check-Out            2015-07-01  \n",
      "2                       0         Check-Out            2015-07-02  \n",
      "3                       0         Check-Out            2015-07-02  \n",
      "4                       1         Check-Out            2015-07-03  \n",
      "\n",
      "[5 rows x 31 columns]\n"
     ]
    }
   ],
   "source": [
    "print(df.head())"
   ]
  },
  {
   "cell_type": "code",
   "execution_count": 7,
   "id": "612fe281-bbb5-47ab-9a16-55217e68ed29",
   "metadata": {},
   "outputs": [
    {
     "name": "stdout",
     "output_type": "stream",
     "text": [
      "IsCanceled                       int64\n",
      "LeadTime                         int64\n",
      "ArrivalDateYear                  int64\n",
      "ArrivalDateMonth                object\n",
      "ArrivalDateWeekNumber            int64\n",
      "ArrivalDateDayOfMonth            int64\n",
      "StaysInWeekendNights             int64\n",
      "StaysInWeekNights                int64\n",
      "Adults                           int64\n",
      "Children                         int64\n",
      "Babies                           int64\n",
      "Meal                            object\n",
      "Country                         object\n",
      "MarketSegment                   object\n",
      "DistributionChannel             object\n",
      "IsRepeatedGuest                  int64\n",
      "PreviousCancellations            int64\n",
      "PreviousBookingsNotCanceled      int64\n",
      "ReservedRoomType                object\n",
      "AssignedRoomType                object\n",
      "BookingChanges                   int64\n",
      "DepositType                     object\n",
      "Agent                           object\n",
      "Company                         object\n",
      "DaysInWaitingList                int64\n",
      "CustomerType                    object\n",
      "ADR                            float64\n",
      "RequiredCarParkingSpaces         int64\n",
      "TotalOfSpecialRequests           int64\n",
      "ReservationStatus               object\n",
      "ReservationStatusDate           object\n",
      "dtype: object\n"
     ]
    }
   ],
   "source": [
    "print(df.dtypes)"
   ]
  },
  {
   "cell_type": "code",
   "execution_count": 8,
   "id": "0d4f3600-b95b-4f1b-ab39-9d6c9b85e8e8",
   "metadata": {},
   "outputs": [
    {
     "data": {
      "application/vnd.microsoft.datawrangler.viewer.v0+json": {
       "columns": [
        {
         "name": "index",
         "rawType": "object",
         "type": "string"
        },
        {
         "name": "IsCanceled",
         "rawType": "float64",
         "type": "float"
        },
        {
         "name": "LeadTime",
         "rawType": "float64",
         "type": "float"
        },
        {
         "name": "ArrivalDateYear",
         "rawType": "float64",
         "type": "float"
        },
        {
         "name": "ArrivalDateWeekNumber",
         "rawType": "float64",
         "type": "float"
        },
        {
         "name": "ArrivalDateDayOfMonth",
         "rawType": "float64",
         "type": "float"
        },
        {
         "name": "StaysInWeekendNights",
         "rawType": "float64",
         "type": "float"
        },
        {
         "name": "StaysInWeekNights",
         "rawType": "float64",
         "type": "float"
        },
        {
         "name": "Adults",
         "rawType": "float64",
         "type": "float"
        },
        {
         "name": "Children",
         "rawType": "float64",
         "type": "float"
        },
        {
         "name": "Babies",
         "rawType": "float64",
         "type": "float"
        },
        {
         "name": "IsRepeatedGuest",
         "rawType": "float64",
         "type": "float"
        },
        {
         "name": "PreviousCancellations",
         "rawType": "float64",
         "type": "float"
        },
        {
         "name": "PreviousBookingsNotCanceled",
         "rawType": "float64",
         "type": "float"
        },
        {
         "name": "BookingChanges",
         "rawType": "float64",
         "type": "float"
        },
        {
         "name": "DaysInWaitingList",
         "rawType": "float64",
         "type": "float"
        },
        {
         "name": "ADR",
         "rawType": "float64",
         "type": "float"
        },
        {
         "name": "RequiredCarParkingSpaces",
         "rawType": "float64",
         "type": "float"
        },
        {
         "name": "TotalOfSpecialRequests",
         "rawType": "float64",
         "type": "float"
        }
       ],
       "ref": "f1fba5aa-f53d-423a-8140-7c817a36993c",
       "rows": [
        [
         "IsCanceled",
         "1.0",
         "0.22944384110141192",
         "0.04362372805124586",
         "0.021600702194449314",
         "-0.009385948883712338",
         "0.07856944943646307",
         "0.0784772490294371",
         "0.08054572358761813",
         "0.08123430161265635",
         "-0.023253521834327568",
         "-0.10356281714488118",
         "0.11417253362786224",
         "-0.07676650615772208",
         "-0.11483487575943666",
         "-0.0363007318972596",
         "0.10931666720287948",
         "-0.2438633596585839",
         "-0.1012945869428676"
        ],
        [
         "LeadTime",
         "0.22944384110141192",
         "1.0",
         "0.059249422343052575",
         "0.1214477559591049",
         "-0.024388706629480273",
         "0.3257123239539681",
         "0.3876079324682568",
         "0.13674438588468138",
         "0.0006396774414318909",
         "0.0012563643449303693",
         "-0.15004950628977606",
         "0.09395400646742523",
         "-0.10830325434116671",
         "0.07531654132761598",
         "0.08924445374302176",
         "0.030482484986765306",
         "-0.15119186873250126",
         "-0.007828462573389695"
        ],
        [
         "ArrivalDateYear",
         "0.04362372805124586",
         "0.059249422343052575",
         "1.0",
         "-0.5371461325831426",
         "0.005032425965395278",
         "0.019797539696887533",
         "0.013446914585547625",
         "-0.021592969431033445",
         "0.05782796402111899",
         "-0.016450010869794304",
         "0.07233507880694837",
         "-0.10392209835520351",
         "0.05913469035506501",
         "0.03605617029762347",
         "-0.03827994798212539",
         "0.12779071967226743",
         "-0.011293018151411857",
         "0.06389267594927302"
        ],
        [
         "ArrivalDateWeekNumber",
         "0.021600702194449314",
         "0.1214477559591049",
         "-0.5371461325831426",
         "1.0",
         "0.07637765207167373",
         "0.04798161949844814",
         "0.045228425291445794",
         "0.05274096246069278",
         "0.016374187492335233",
         "0.01745784454963901",
         "-0.07830182923544475",
         "0.04319553996092671",
         "-0.05152171947948148",
         "0.010634761902078935",
         "0.06243638010878965",
         "0.15706621968349274",
         "0.007667214076798062",
         "0.04523075235513272"
        ],
        [
         "ArrivalDateDayOfMonth",
         "-0.009385948883712338",
         "-0.024388706629480273",
         "0.005032425965395278",
         "0.07637765207167373",
         "1.0",
         "-0.04326028248253439",
         "-0.051855403662346866",
         "-0.001963951019378001",
         "0.01727857625400459",
         "-0.0012381302035834086",
         "0.0021943920950813025",
         "-0.04376809086997318",
         "0.004744582887183196",
         "0.00472287801468931",
         "0.03295331482422515",
         "0.040699680860106634",
         "0.013719324302161844",
         "0.011683464827301763"
        ],
        [
         "StaysInWeekendNights",
         "0.07856944943646307",
         "0.3257123239539681",
         "0.019797539696887533",
         "0.04798161949844814",
         "-0.04326028248253439",
         "1.0",
         "0.7168893969144619",
         "0.10100007239876074",
         "0.039252351699355585",
         "0.015036492858039385",
         "-0.11959316841610605",
         "-0.0063610422552041555",
         "-0.09777813145097305",
         "0.0573922191181336",
         "-0.008487555351637843",
         "0.10360379286295791",
         "-0.09119882454810069",
         "0.06237242364232174"
        ],
        [
         "StaysInWeekNights",
         "0.0784772490294371",
         "0.3876079324682568",
         "0.013446914585547625",
         "0.045228425291445794",
         "-0.051855403662346866",
         "0.7168893969144619",
         "1.0",
         "0.09701806296894712",
         "0.033679670074955766",
         "0.014429073149813077",
         "-0.130398220109425",
         "-0.006203138238988032",
         "-0.0908509899596863",
         "0.08582154465435575",
         "0.02951937338859681",
         "0.11957185039544509",
         "-0.10301082983073256",
         "0.058476243069323884"
        ],
        [
         "Adults",
         "0.08054572358761813",
         "0.13674438588468138",
         "-0.021592969431033445",
         "0.05274096246069278",
         "-0.001963951019378001",
         "0.10100007239876074",
         "0.09701806296894712",
         "1.0",
         "0.0732459307302882",
         "0.02316480347408154",
         "-0.12512332178544938",
         "0.006338066557084408",
         "-0.13304549324715112",
         "-0.01091112674859702",
         "-0.011557968643904123",
         "0.20242241339828143",
         "0.013442721102261126",
         "0.07901504113237189"
        ],
        [
         "Children",
         "0.08123430161265635",
         "0.0006396774414318909",
         "0.05782796402111899",
         "0.016374187492335233",
         "0.01727857625400459",
         "0.039252351699355585",
         "0.033679670074955766",
         "0.0732459307302882",
         "1.0",
         "0.020414563390538806",
         "-0.04323473839513493",
         "-0.02009105838727603",
         "-0.03643066983950961",
         "0.04449418764590163",
         "-0.020528051273972555",
         "0.3557810703825503",
         "0.046688509447445604",
         "0.028457767249570883"
        ],
        [
         "Babies",
         "-0.023253521834327568",
         "0.0012563643449303693",
         "-0.016450010869794304",
         "0.01745784454963901",
         "-0.0012381302035834086",
         "0.015036492858039385",
         "0.014429073149813077",
         "0.02316480347408154",
         "0.020414563390538806",
         "1.0",
         "-0.02110695461770163",
         "-0.008588288321744162",
         "-0.016870044418222346",
         "0.0980542774148488",
         "-0.007510579114268963",
         "0.05337111481457259",
         "0.035319233940531714",
         "0.13061710205478533"
        ],
        [
         "IsRepeatedGuest",
         "-0.10356281714488118",
         "-0.15004950628977606",
         "0.07233507880694837",
         "-0.07830182923544475",
         "0.0021943920950813025",
         "-0.11959316841610605",
         "-0.130398220109425",
         "-0.12512332178544938",
         "-0.04323473839513493",
         "-0.02110695461770163",
         "1.0",
         "0.004551835117646514",
         "0.4279600623256758",
         "0.0009997898655348058",
         "-0.010546469265121018",
         "-0.10615839648445258",
         "0.05508530327317347",
         "0.0006028802153711805"
        ],
        [
         "PreviousCancellations",
         "0.11417253362786224",
         "0.09395400646742523",
         "-0.10392209835520351",
         "0.04319553996092671",
         "-0.04376809086997318",
         "-0.0063610422552041555",
         "-0.006203138238988032",
         "0.006338066557084408",
         "-0.02009105838727603",
         "-0.008588288321744162",
         "0.004551835117646514",
         "1.0",
         "0.02163164060829926",
         "-0.026415767797900294",
         "-0.005392864514209734",
         "-0.04339891650367958",
         "-0.026987361259573305",
         "-0.04457817619892871"
        ],
        [
         "PreviousBookingsNotCanceled",
         "-0.07676650615772208",
         "-0.10830325434116671",
         "0.05913469035506501",
         "-0.05152171947948148",
         "0.004744582887183196",
         "-0.09777813145097305",
         "-0.0908509899596863",
         "-0.13304549324715112",
         "-0.03643066983950961",
         "-0.016870044418222346",
         "0.4279600623256758",
         "0.02163164060829926",
         "1.0",
         "-0.002486434112242034",
         "-0.007876085325312846",
         "-0.08392497660837299",
         "0.04443105926958107",
         "0.015482825133021164"
        ],
        [
         "BookingChanges",
         "-0.11483487575943666",
         "0.07531654132761598",
         "0.03605617029762347",
         "0.010634761902078935",
         "0.00472287801468931",
         "0.0573922191181336",
         "0.08582154465435575",
         "-0.01091112674859702",
         "0.04449418764590163",
         "0.0980542774148488",
         "0.0009997898655348058",
         "-0.026415767797900294",
         "-0.002486434112242034",
         "1.0",
         "0.015252871665468322",
         "0.03081060063671374",
         "0.06218288404383481",
         "0.02973204261755133"
        ],
        [
         "DaysInWaitingList",
         "-0.0363007318972596",
         "0.08924445374302176",
         "-0.03827994798212539",
         "0.06243638010878965",
         "0.03295331482422515",
         "-0.008487555351637843",
         "0.02951937338859681",
         "-0.011557968643904123",
         "-0.020528051273972555",
         "-0.007510579114268963",
         "-0.010546469265121018",
         "-0.005392864514209734",
         "-0.007876085325312846",
         "0.015252871665468322",
         "1.0",
         "-0.014188620330808253",
         "-0.013126009965261858",
         "-0.04925958990741018"
        ],
        [
         "ADR",
         "0.10931666720287948",
         "0.030482484986765306",
         "0.12779071967226743",
         "0.15706621968349274",
         "0.040699680860106634",
         "0.10360379286295791",
         "0.11957185039544509",
         "0.20242241339828143",
         "0.3557810703825503",
         "0.05337111481457259",
         "-0.10615839648445258",
         "-0.04339891650367958",
         "-0.08392497660837299",
         "0.03081060063671374",
         "-0.014188620330808253",
         "1.0",
         "0.09611953593592328",
         "0.18526628931243205"
        ],
        [
         "RequiredCarParkingSpaces",
         "-0.2438633596585839",
         "-0.15119186873250126",
         "-0.011293018151411857",
         "0.007667214076798062",
         "0.013719324302161844",
         "-0.09119882454810069",
         "-0.10301082983073256",
         "0.013442721102261126",
         "0.046688509447445604",
         "0.035319233940531714",
         "0.05508530327317347",
         "-0.026987361259573305",
         "0.04443105926958107",
         "0.06218288404383481",
         "-0.013126009965261858",
         "0.09611953593592328",
         "1.0",
         "0.07471295446335945"
        ],
        [
         "TotalOfSpecialRequests",
         "-0.1012945869428676",
         "-0.007828462573389695",
         "0.06389267594927302",
         "0.04523075235513272",
         "0.011683464827301763",
         "0.06237242364232174",
         "0.058476243069323884",
         "0.07901504113237189",
         "0.028457767249570883",
         "0.13061710205478533",
         "0.0006028802153711805",
         "-0.04457817619892871",
         "0.015482825133021164",
         "0.02973204261755133",
         "-0.04925958990741018",
         "0.18526628931243205",
         "0.07471295446335945",
         "1.0"
        ]
       ],
       "shape": {
        "columns": 18,
        "rows": 18
       }
      },
      "text/html": [
       "<div>\n",
       "<style scoped>\n",
       "    .dataframe tbody tr th:only-of-type {\n",
       "        vertical-align: middle;\n",
       "    }\n",
       "\n",
       "    .dataframe tbody tr th {\n",
       "        vertical-align: top;\n",
       "    }\n",
       "\n",
       "    .dataframe thead th {\n",
       "        text-align: right;\n",
       "    }\n",
       "</style>\n",
       "<table border=\"1\" class=\"dataframe\">\n",
       "  <thead>\n",
       "    <tr style=\"text-align: right;\">\n",
       "      <th></th>\n",
       "      <th>IsCanceled</th>\n",
       "      <th>LeadTime</th>\n",
       "      <th>ArrivalDateYear</th>\n",
       "      <th>ArrivalDateWeekNumber</th>\n",
       "      <th>ArrivalDateDayOfMonth</th>\n",
       "      <th>StaysInWeekendNights</th>\n",
       "      <th>StaysInWeekNights</th>\n",
       "      <th>Adults</th>\n",
       "      <th>Children</th>\n",
       "      <th>Babies</th>\n",
       "      <th>IsRepeatedGuest</th>\n",
       "      <th>PreviousCancellations</th>\n",
       "      <th>PreviousBookingsNotCanceled</th>\n",
       "      <th>BookingChanges</th>\n",
       "      <th>DaysInWaitingList</th>\n",
       "      <th>ADR</th>\n",
       "      <th>RequiredCarParkingSpaces</th>\n",
       "      <th>TotalOfSpecialRequests</th>\n",
       "    </tr>\n",
       "  </thead>\n",
       "  <tbody>\n",
       "    <tr>\n",
       "      <th>IsCanceled</th>\n",
       "      <td>1.000000</td>\n",
       "      <td>0.229444</td>\n",
       "      <td>0.043624</td>\n",
       "      <td>0.021601</td>\n",
       "      <td>-0.009386</td>\n",
       "      <td>0.078569</td>\n",
       "      <td>0.078477</td>\n",
       "      <td>0.080546</td>\n",
       "      <td>0.081234</td>\n",
       "      <td>-0.023254</td>\n",
       "      <td>-0.103563</td>\n",
       "      <td>0.114173</td>\n",
       "      <td>-0.076767</td>\n",
       "      <td>-0.114835</td>\n",
       "      <td>-0.036301</td>\n",
       "      <td>0.109317</td>\n",
       "      <td>-0.243863</td>\n",
       "      <td>-0.101295</td>\n",
       "    </tr>\n",
       "    <tr>\n",
       "      <th>LeadTime</th>\n",
       "      <td>0.229444</td>\n",
       "      <td>1.000000</td>\n",
       "      <td>0.059249</td>\n",
       "      <td>0.121448</td>\n",
       "      <td>-0.024389</td>\n",
       "      <td>0.325712</td>\n",
       "      <td>0.387608</td>\n",
       "      <td>0.136744</td>\n",
       "      <td>0.000640</td>\n",
       "      <td>0.001256</td>\n",
       "      <td>-0.150050</td>\n",
       "      <td>0.093954</td>\n",
       "      <td>-0.108303</td>\n",
       "      <td>0.075317</td>\n",
       "      <td>0.089244</td>\n",
       "      <td>0.030482</td>\n",
       "      <td>-0.151192</td>\n",
       "      <td>-0.007828</td>\n",
       "    </tr>\n",
       "    <tr>\n",
       "      <th>ArrivalDateYear</th>\n",
       "      <td>0.043624</td>\n",
       "      <td>0.059249</td>\n",
       "      <td>1.000000</td>\n",
       "      <td>-0.537146</td>\n",
       "      <td>0.005032</td>\n",
       "      <td>0.019798</td>\n",
       "      <td>0.013447</td>\n",
       "      <td>-0.021593</td>\n",
       "      <td>0.057828</td>\n",
       "      <td>-0.016450</td>\n",
       "      <td>0.072335</td>\n",
       "      <td>-0.103922</td>\n",
       "      <td>0.059135</td>\n",
       "      <td>0.036056</td>\n",
       "      <td>-0.038280</td>\n",
       "      <td>0.127791</td>\n",
       "      <td>-0.011293</td>\n",
       "      <td>0.063893</td>\n",
       "    </tr>\n",
       "    <tr>\n",
       "      <th>ArrivalDateWeekNumber</th>\n",
       "      <td>0.021601</td>\n",
       "      <td>0.121448</td>\n",
       "      <td>-0.537146</td>\n",
       "      <td>1.000000</td>\n",
       "      <td>0.076378</td>\n",
       "      <td>0.047982</td>\n",
       "      <td>0.045228</td>\n",
       "      <td>0.052741</td>\n",
       "      <td>0.016374</td>\n",
       "      <td>0.017458</td>\n",
       "      <td>-0.078302</td>\n",
       "      <td>0.043196</td>\n",
       "      <td>-0.051522</td>\n",
       "      <td>0.010635</td>\n",
       "      <td>0.062436</td>\n",
       "      <td>0.157066</td>\n",
       "      <td>0.007667</td>\n",
       "      <td>0.045231</td>\n",
       "    </tr>\n",
       "    <tr>\n",
       "      <th>ArrivalDateDayOfMonth</th>\n",
       "      <td>-0.009386</td>\n",
       "      <td>-0.024389</td>\n",
       "      <td>0.005032</td>\n",
       "      <td>0.076378</td>\n",
       "      <td>1.000000</td>\n",
       "      <td>-0.043260</td>\n",
       "      <td>-0.051855</td>\n",
       "      <td>-0.001964</td>\n",
       "      <td>0.017279</td>\n",
       "      <td>-0.001238</td>\n",
       "      <td>0.002194</td>\n",
       "      <td>-0.043768</td>\n",
       "      <td>0.004745</td>\n",
       "      <td>0.004723</td>\n",
       "      <td>0.032953</td>\n",
       "      <td>0.040700</td>\n",
       "      <td>0.013719</td>\n",
       "      <td>0.011683</td>\n",
       "    </tr>\n",
       "    <tr>\n",
       "      <th>StaysInWeekendNights</th>\n",
       "      <td>0.078569</td>\n",
       "      <td>0.325712</td>\n",
       "      <td>0.019798</td>\n",
       "      <td>0.047982</td>\n",
       "      <td>-0.043260</td>\n",
       "      <td>1.000000</td>\n",
       "      <td>0.716889</td>\n",
       "      <td>0.101000</td>\n",
       "      <td>0.039252</td>\n",
       "      <td>0.015036</td>\n",
       "      <td>-0.119593</td>\n",
       "      <td>-0.006361</td>\n",
       "      <td>-0.097778</td>\n",
       "      <td>0.057392</td>\n",
       "      <td>-0.008488</td>\n",
       "      <td>0.103604</td>\n",
       "      <td>-0.091199</td>\n",
       "      <td>0.062372</td>\n",
       "    </tr>\n",
       "    <tr>\n",
       "      <th>StaysInWeekNights</th>\n",
       "      <td>0.078477</td>\n",
       "      <td>0.387608</td>\n",
       "      <td>0.013447</td>\n",
       "      <td>0.045228</td>\n",
       "      <td>-0.051855</td>\n",
       "      <td>0.716889</td>\n",
       "      <td>1.000000</td>\n",
       "      <td>0.097018</td>\n",
       "      <td>0.033680</td>\n",
       "      <td>0.014429</td>\n",
       "      <td>-0.130398</td>\n",
       "      <td>-0.006203</td>\n",
       "      <td>-0.090851</td>\n",
       "      <td>0.085822</td>\n",
       "      <td>0.029519</td>\n",
       "      <td>0.119572</td>\n",
       "      <td>-0.103011</td>\n",
       "      <td>0.058476</td>\n",
       "    </tr>\n",
       "    <tr>\n",
       "      <th>Adults</th>\n",
       "      <td>0.080546</td>\n",
       "      <td>0.136744</td>\n",
       "      <td>-0.021593</td>\n",
       "      <td>0.052741</td>\n",
       "      <td>-0.001964</td>\n",
       "      <td>0.101000</td>\n",
       "      <td>0.097018</td>\n",
       "      <td>1.000000</td>\n",
       "      <td>0.073246</td>\n",
       "      <td>0.023165</td>\n",
       "      <td>-0.125123</td>\n",
       "      <td>0.006338</td>\n",
       "      <td>-0.133045</td>\n",
       "      <td>-0.010911</td>\n",
       "      <td>-0.011558</td>\n",
       "      <td>0.202422</td>\n",
       "      <td>0.013443</td>\n",
       "      <td>0.079015</td>\n",
       "    </tr>\n",
       "    <tr>\n",
       "      <th>Children</th>\n",
       "      <td>0.081234</td>\n",
       "      <td>0.000640</td>\n",
       "      <td>0.057828</td>\n",
       "      <td>0.016374</td>\n",
       "      <td>0.017279</td>\n",
       "      <td>0.039252</td>\n",
       "      <td>0.033680</td>\n",
       "      <td>0.073246</td>\n",
       "      <td>1.000000</td>\n",
       "      <td>0.020415</td>\n",
       "      <td>-0.043235</td>\n",
       "      <td>-0.020091</td>\n",
       "      <td>-0.036431</td>\n",
       "      <td>0.044494</td>\n",
       "      <td>-0.020528</td>\n",
       "      <td>0.355781</td>\n",
       "      <td>0.046689</td>\n",
       "      <td>0.028458</td>\n",
       "    </tr>\n",
       "    <tr>\n",
       "      <th>Babies</th>\n",
       "      <td>-0.023254</td>\n",
       "      <td>0.001256</td>\n",
       "      <td>-0.016450</td>\n",
       "      <td>0.017458</td>\n",
       "      <td>-0.001238</td>\n",
       "      <td>0.015036</td>\n",
       "      <td>0.014429</td>\n",
       "      <td>0.023165</td>\n",
       "      <td>0.020415</td>\n",
       "      <td>1.000000</td>\n",
       "      <td>-0.021107</td>\n",
       "      <td>-0.008588</td>\n",
       "      <td>-0.016870</td>\n",
       "      <td>0.098054</td>\n",
       "      <td>-0.007511</td>\n",
       "      <td>0.053371</td>\n",
       "      <td>0.035319</td>\n",
       "      <td>0.130617</td>\n",
       "    </tr>\n",
       "    <tr>\n",
       "      <th>IsRepeatedGuest</th>\n",
       "      <td>-0.103563</td>\n",
       "      <td>-0.150050</td>\n",
       "      <td>0.072335</td>\n",
       "      <td>-0.078302</td>\n",
       "      <td>0.002194</td>\n",
       "      <td>-0.119593</td>\n",
       "      <td>-0.130398</td>\n",
       "      <td>-0.125123</td>\n",
       "      <td>-0.043235</td>\n",
       "      <td>-0.021107</td>\n",
       "      <td>1.000000</td>\n",
       "      <td>0.004552</td>\n",
       "      <td>0.427960</td>\n",
       "      <td>0.001000</td>\n",
       "      <td>-0.010546</td>\n",
       "      <td>-0.106158</td>\n",
       "      <td>0.055085</td>\n",
       "      <td>0.000603</td>\n",
       "    </tr>\n",
       "    <tr>\n",
       "      <th>PreviousCancellations</th>\n",
       "      <td>0.114173</td>\n",
       "      <td>0.093954</td>\n",
       "      <td>-0.103922</td>\n",
       "      <td>0.043196</td>\n",
       "      <td>-0.043768</td>\n",
       "      <td>-0.006361</td>\n",
       "      <td>-0.006203</td>\n",
       "      <td>0.006338</td>\n",
       "      <td>-0.020091</td>\n",
       "      <td>-0.008588</td>\n",
       "      <td>0.004552</td>\n",
       "      <td>1.000000</td>\n",
       "      <td>0.021632</td>\n",
       "      <td>-0.026416</td>\n",
       "      <td>-0.005393</td>\n",
       "      <td>-0.043399</td>\n",
       "      <td>-0.026987</td>\n",
       "      <td>-0.044578</td>\n",
       "    </tr>\n",
       "    <tr>\n",
       "      <th>PreviousBookingsNotCanceled</th>\n",
       "      <td>-0.076767</td>\n",
       "      <td>-0.108303</td>\n",
       "      <td>0.059135</td>\n",
       "      <td>-0.051522</td>\n",
       "      <td>0.004745</td>\n",
       "      <td>-0.097778</td>\n",
       "      <td>-0.090851</td>\n",
       "      <td>-0.133045</td>\n",
       "      <td>-0.036431</td>\n",
       "      <td>-0.016870</td>\n",
       "      <td>0.427960</td>\n",
       "      <td>0.021632</td>\n",
       "      <td>1.000000</td>\n",
       "      <td>-0.002486</td>\n",
       "      <td>-0.007876</td>\n",
       "      <td>-0.083925</td>\n",
       "      <td>0.044431</td>\n",
       "      <td>0.015483</td>\n",
       "    </tr>\n",
       "    <tr>\n",
       "      <th>BookingChanges</th>\n",
       "      <td>-0.114835</td>\n",
       "      <td>0.075317</td>\n",
       "      <td>0.036056</td>\n",
       "      <td>0.010635</td>\n",
       "      <td>0.004723</td>\n",
       "      <td>0.057392</td>\n",
       "      <td>0.085822</td>\n",
       "      <td>-0.010911</td>\n",
       "      <td>0.044494</td>\n",
       "      <td>0.098054</td>\n",
       "      <td>0.001000</td>\n",
       "      <td>-0.026416</td>\n",
       "      <td>-0.002486</td>\n",
       "      <td>1.000000</td>\n",
       "      <td>0.015253</td>\n",
       "      <td>0.030811</td>\n",
       "      <td>0.062183</td>\n",
       "      <td>0.029732</td>\n",
       "    </tr>\n",
       "    <tr>\n",
       "      <th>DaysInWaitingList</th>\n",
       "      <td>-0.036301</td>\n",
       "      <td>0.089244</td>\n",
       "      <td>-0.038280</td>\n",
       "      <td>0.062436</td>\n",
       "      <td>0.032953</td>\n",
       "      <td>-0.008488</td>\n",
       "      <td>0.029519</td>\n",
       "      <td>-0.011558</td>\n",
       "      <td>-0.020528</td>\n",
       "      <td>-0.007511</td>\n",
       "      <td>-0.010546</td>\n",
       "      <td>-0.005393</td>\n",
       "      <td>-0.007876</td>\n",
       "      <td>0.015253</td>\n",
       "      <td>1.000000</td>\n",
       "      <td>-0.014189</td>\n",
       "      <td>-0.013126</td>\n",
       "      <td>-0.049260</td>\n",
       "    </tr>\n",
       "    <tr>\n",
       "      <th>ADR</th>\n",
       "      <td>0.109317</td>\n",
       "      <td>0.030482</td>\n",
       "      <td>0.127791</td>\n",
       "      <td>0.157066</td>\n",
       "      <td>0.040700</td>\n",
       "      <td>0.103604</td>\n",
       "      <td>0.119572</td>\n",
       "      <td>0.202422</td>\n",
       "      <td>0.355781</td>\n",
       "      <td>0.053371</td>\n",
       "      <td>-0.106158</td>\n",
       "      <td>-0.043399</td>\n",
       "      <td>-0.083925</td>\n",
       "      <td>0.030811</td>\n",
       "      <td>-0.014189</td>\n",
       "      <td>1.000000</td>\n",
       "      <td>0.096120</td>\n",
       "      <td>0.185266</td>\n",
       "    </tr>\n",
       "    <tr>\n",
       "      <th>RequiredCarParkingSpaces</th>\n",
       "      <td>-0.243863</td>\n",
       "      <td>-0.151192</td>\n",
       "      <td>-0.011293</td>\n",
       "      <td>0.007667</td>\n",
       "      <td>0.013719</td>\n",
       "      <td>-0.091199</td>\n",
       "      <td>-0.103011</td>\n",
       "      <td>0.013443</td>\n",
       "      <td>0.046689</td>\n",
       "      <td>0.035319</td>\n",
       "      <td>0.055085</td>\n",
       "      <td>-0.026987</td>\n",
       "      <td>0.044431</td>\n",
       "      <td>0.062183</td>\n",
       "      <td>-0.013126</td>\n",
       "      <td>0.096120</td>\n",
       "      <td>1.000000</td>\n",
       "      <td>0.074713</td>\n",
       "    </tr>\n",
       "    <tr>\n",
       "      <th>TotalOfSpecialRequests</th>\n",
       "      <td>-0.101295</td>\n",
       "      <td>-0.007828</td>\n",
       "      <td>0.063893</td>\n",
       "      <td>0.045231</td>\n",
       "      <td>0.011683</td>\n",
       "      <td>0.062372</td>\n",
       "      <td>0.058476</td>\n",
       "      <td>0.079015</td>\n",
       "      <td>0.028458</td>\n",
       "      <td>0.130617</td>\n",
       "      <td>0.000603</td>\n",
       "      <td>-0.044578</td>\n",
       "      <td>0.015483</td>\n",
       "      <td>0.029732</td>\n",
       "      <td>-0.049260</td>\n",
       "      <td>0.185266</td>\n",
       "      <td>0.074713</td>\n",
       "      <td>1.000000</td>\n",
       "    </tr>\n",
       "  </tbody>\n",
       "</table>\n",
       "</div>"
      ],
      "text/plain": [
       "                             IsCanceled  LeadTime  ArrivalDateYear  \\\n",
       "IsCanceled                     1.000000  0.229444         0.043624   \n",
       "LeadTime                       0.229444  1.000000         0.059249   \n",
       "ArrivalDateYear                0.043624  0.059249         1.000000   \n",
       "ArrivalDateWeekNumber          0.021601  0.121448        -0.537146   \n",
       "ArrivalDateDayOfMonth         -0.009386 -0.024389         0.005032   \n",
       "StaysInWeekendNights           0.078569  0.325712         0.019798   \n",
       "StaysInWeekNights              0.078477  0.387608         0.013447   \n",
       "Adults                         0.080546  0.136744        -0.021593   \n",
       "Children                       0.081234  0.000640         0.057828   \n",
       "Babies                        -0.023254  0.001256        -0.016450   \n",
       "IsRepeatedGuest               -0.103563 -0.150050         0.072335   \n",
       "PreviousCancellations          0.114173  0.093954        -0.103922   \n",
       "PreviousBookingsNotCanceled   -0.076767 -0.108303         0.059135   \n",
       "BookingChanges                -0.114835  0.075317         0.036056   \n",
       "DaysInWaitingList             -0.036301  0.089244        -0.038280   \n",
       "ADR                            0.109317  0.030482         0.127791   \n",
       "RequiredCarParkingSpaces      -0.243863 -0.151192        -0.011293   \n",
       "TotalOfSpecialRequests        -0.101295 -0.007828         0.063893   \n",
       "\n",
       "                             ArrivalDateWeekNumber  ArrivalDateDayOfMonth  \\\n",
       "IsCanceled                                0.021601              -0.009386   \n",
       "LeadTime                                  0.121448              -0.024389   \n",
       "ArrivalDateYear                          -0.537146               0.005032   \n",
       "ArrivalDateWeekNumber                     1.000000               0.076378   \n",
       "ArrivalDateDayOfMonth                     0.076378               1.000000   \n",
       "StaysInWeekendNights                      0.047982              -0.043260   \n",
       "StaysInWeekNights                         0.045228              -0.051855   \n",
       "Adults                                    0.052741              -0.001964   \n",
       "Children                                  0.016374               0.017279   \n",
       "Babies                                    0.017458              -0.001238   \n",
       "IsRepeatedGuest                          -0.078302               0.002194   \n",
       "PreviousCancellations                     0.043196              -0.043768   \n",
       "PreviousBookingsNotCanceled              -0.051522               0.004745   \n",
       "BookingChanges                            0.010635               0.004723   \n",
       "DaysInWaitingList                         0.062436               0.032953   \n",
       "ADR                                       0.157066               0.040700   \n",
       "RequiredCarParkingSpaces                  0.007667               0.013719   \n",
       "TotalOfSpecialRequests                    0.045231               0.011683   \n",
       "\n",
       "                             StaysInWeekendNights  StaysInWeekNights  \\\n",
       "IsCanceled                               0.078569           0.078477   \n",
       "LeadTime                                 0.325712           0.387608   \n",
       "ArrivalDateYear                          0.019798           0.013447   \n",
       "ArrivalDateWeekNumber                    0.047982           0.045228   \n",
       "ArrivalDateDayOfMonth                   -0.043260          -0.051855   \n",
       "StaysInWeekendNights                     1.000000           0.716889   \n",
       "StaysInWeekNights                        0.716889           1.000000   \n",
